33
396 -588 363 -266 183 680 420 403 996 -504 8 505 528 -470 -620 80 624 768 598 488 -956 388 -992 616 522 207 60 240 912 -835 411 -960 232 
52 88 798 157 222 -612 108 -256 770 -458 750 530 10 846 555 56 446 248 625 660 32 0 600 373 783 428 -520 330 848 200 636 706 744 
355 989 800 449 788 -460 481 234 8 -320 590 128 584 200 816 860 468 -872 456 -310 220 646 542 933 -730 376 615 -940 -250 394 384 588 830 
160 246 920 232 -368 -925 0 200 -944 -432 332 116 615 8 -496 -88 -134 -531 940 -278 -349 734 576 -71 744 784 486 -416 440 942 372 339 920 
274 -568 630 880 -339 -27 156 518 950 160 860 -104 -580 438 128 -360 880 306 580 304 322 40 -16 482 285 306 960 986 -990 400 830 866 184 
732 -17 940 448 500 880 546 50 552 485 443 440 976 -105 168 -512 474 364 -100 944 8 225 612 416 -705 300 626 -776 312 176 632 476 968 
-217 330 852 200 272 100 349 375 292 12 -180 709 959 40 -640 516 528 735 430 396 58 -848 640 309 620 776 90 -880 426 417 -466 59 -876 
419 844 286 984 136 4 240 -310 431 608 488 -380 800 -728 -760 -300 798 492 405 480 208 16 -472 -433 530 440 900 130 607 -768 83 -280 -746 
720 946 511 630 -137 990 500 38 -632 200 48 776 -57 713 128 214 -860 916 343 -44 944 962 416 880 -140 68 404 -480 48 328 819 -349 -586 
733 -6 642 542 -235 718 147 112 447 -168 310 353 870 744 90 189 619 744 344 -940 60 197 -331 934 -80 120 34 95 500 414 812 249 -616 
405 267 950 -802 210 -60 -360 173 940 688 516 -196 308 664 640 534 296 -940 800 816 654 329 -540 8 148 -368 862 121 316 842 324 524 720 
955 823 760 264 216 616 -56 -55 136 528 76 457 640 -731 508 -76 604 237 -659 712 840 -330 170 842 310 474 630 -188 641 871 48 -16 204 
810 -220 -549 590 12 348 321 632 227 -610 400 830 544 577 -920 -928 40 398 -184 -604 482 -528 132 664 394 840 772 610 582 -792 701 504 -996 
270 -547 344 608 891 -680 -100 -48 -776 476 593 316 504 531 608 211 950 528 127 340 240 20 -880 165 32 175 11 192 -8 542 845 208 792 
776 912 948 877 416 520 3 885 -944 -680 956 34 560 -840 924 352 424 121 -974 180 870 675 698 542 136 716 879 50 147 574 464 556 760 
272 880 0 -380 960 -412 172 340 330 140 -925 580 888 -128 788 784 16 -156 570 514 944 240 685 220 400 960 744 497 40 -222 563 -418 -132 
928 360 978 135 736 -412 736 864 358 220 301 250 818 204 704 72 8 204 750 725 581 600 609 0 764 -68 896 328 -940 886 964 576 112 
151 -824 175 400 284 -541 16 101 -960 992 840 25 710 700 546 210 0 648 555 304 882 409 -860 -937 -147 328 312 488 666 -250 552 560 -685 
290 963 346 230 -472 905 -706 275 751 456 787 80 -877 824 200 539 490 580 280 -871 178 -896 560 506 265 989 360 -715 665 400 888 232 -26 
718 176 98 -270 240 476 -604 -136 872 42 842 -448 984 110 82 552 184 564 55 64 616 515 378 -876 -496 -560 650 290 -356 708 -538 584 -166 
240 665 840 -360 390 49 -346 36 93 -575 793 486 566 711 728 406 -870 18 -890 175 60 -942 875 -240 688 450 18 52 240 782 -532 100 99 
-91 150 970 -328 -354 -500 120 -400 488 864 -60 920 864 208 850 -48 40 328 280 -220 488 878 364 165 -788 294 -112 556 796 192 662 984 400 
568 -362 106 520 10 12 434 -22 173 650 -682 115 -424 -724 140 281 0 537 -675 985 710 423 508 820 250 700 320 153 -5 -189 250 204 905 
40 142 -744 648 544 826 740 512 414 -104 -290 -238 396 466 492 280 770 -656 698 944 -418 210 352 864 311 328 259 563 230 -673 -430 438 567 
288 224 -600 432 894 140 808 -900 164 -615 516 -835 404 -840 502 730 950 714 534 -6 -111 512 -632 0 296 -616 -760 889 889 -312 780 -447 965 
-990 836 544 568 -785 775 750 54 440 140 285 131 -792 670 -869 625 39 412 661 676 775 385 -583 128 0 61 722 -170 501 936 616 428 735 
329 448 -240 -189 726 391 -60 875 -745 828 473 336 -901 -74 -80 104 6 64 379 944 623 360 330 841 -152 492 100 275 980 -588 50 -315 -141 
960 -264 -410 875 260 -690 488 -446 -598 24 0 -845 843 855 780 -390 404 -512 218 700 -615 308 -295 148 24 -55 640 -475 278 -764 606 186 418 
716 20 -991 616 -186 199 741 720 284 786 594 -560 -250 47 784 24 678 -251 -80 664 416 276 -95 76 408 214 149 474 900 -344 -808 -780 -975 
470 -599 664 -996 130 108 -312 998 305 0 604 676 210 426 770 532 998 -680 335 820 0 581 -528 255 -648 -690 600 0 757 152 944 866 16 
319 996 702 -890 -249 233 275 -720 59 704 575 185 680 568 746 496 -400 528 586 -713 -896 806 -234 690 775 117 -112 400 676 -320 366 -919 758 
794 868 680 -330 714 678 -360 654 -710 320 760 930 740 776 -536 44 -268 888 35 704 970 404 344 968 380 675 798 -304 420 -568 532 966 182 
-688 -642 518 770 596 235 352 560 880 122 776 350 600 14 452 416 -560 -920 -218 -416 -572 555 -702 850 749 857 732 -232 -705 712 -554 -362 -26 
