50 300
38 33
7 34
42 8
12 3
28 37
3 23
9 16
28 43
27 29
46 15
47 28
20 11
37 44
33 42
4 17
35 13
12 22
34 47
1 38
19 38
36 10
12 21
9 5
24 13
29 11
36 48
35 28
47 15
33 30
27 34
22 9
45 32
32 26
30 47
50 45
48 13
40 48
16 22
7 12
19 42
14 21
29 37
16 4
39 9
4 19
31 12
14 28
39 45
3 18
36 46
21 12
34 16
4 28
8 25
16 26
32 33
37 26
10 46
12 44
5 43
9 25
8 26
13 46
30 34
27 42
6 25
26 23
46 48
1 22
30 28
25 1
17 39
24 37
45 48
3 25
12 37
20 5
4 5
3 13
25 20
10 22
4 14
40 25
26 42
41 32
12 18
33 32
19 22
49 3
37 50
35 22
42 49
50 32
15 24
8 37
38 28
5 18
3 12
3 16
48 4
8 47
48 33
33 27
18 46
12 24
9 48
25 26
19 32
2 35
11 38
27 8
45 17
30 35
42 29
13 21
25 24
44 35
38 45
45 32
15 49
39 34
50 22
8 32
13 16
47 11
34 36
30 33
15 28
19 50
5 14
25 19
4 17
29 11
42 9
20 48
23 44
17 40
14 48
4 29
17 48
27 36
40 48
17 3
12 25
19 1
15 24
13 24
37 22
9 15
19 31
42 35
13 32
50 30
40 11
33 19
25 39
7 4
10 45
21 18
26 17
1 44
30 24
40 15
46 34
22 9
35 12
38 41
7 25
47 12
42 21
8 41
1 38
48 5
28 6
29 2
24 34
17 31
48 19
16 4
37 23
34 48
6 42
11 8
29 6
17 2
48 32
36 13
28 50
38 15
10 14
10 37
23 46
14 36
48 22
48 2
21 48
9 41
1 18
43 48
23 31
10 5
43 13
35 6
12 41
46 24
11 32
29 11
13 29
31 8
2 50
1 33
27 10
34 28
13 28
31 4
38 1
24 39
28 30
38 18
7 12
15 5
24 23
10 39
50 4
38 14
46 32
1 22
25 34
28 46
16 1
30 31
24 20
35 22
29 25
50 49
26 27
5 10
45 30
39 20
45 13
18 24
37 2
25 46
15 1
20 1
42 24
38 39
19 17
12 19
4 42
27 47
29 5
49 44
2 1
48 4
14 22
42 19
39 35
36 42
39 3
34 9
23 20
35 33
12 13
33 46
1 34
32 26
35 22
43 44
16 7
12 36
21 24
16 13
47 28
48 31
5 49
39 26
27 28
44 17
14 3
28 1
50 11
26 17
46 43
14 8
39 26
4 46
22 47
22 20
49 22
18 3
26 29
13 50
43 1
18 29
41 38
32 28
37 44
13 31
16 11
