100 1000
45 6
13 48
37 30
88 30
51 36
11 80
65 93
51 70
19 15
16 58
36 23
39 26
44 25
86 55
8 62
40 8
18 87
30 46
39 64
80 54
26 39
92 6
51 3
16 24
72 87
54 69
39 15
13 68
8 69
21 29
56 3
96 37
42 64
39 59
48 8
11 20
62 58
36 27
35 1
77 50
8 96
9 81
29 73
69 85
12 19
88 55
45 64
31 10
4 3
37 41
49 39
46 89
69 15
54 95
51 71
73 13
82 90
65 31
86 49
83 8
57 69
33 12
91 85
15 84
36 99
64 76
17 11
72 97
5 39
100 87
34 77
2 88
34 82
41 14
87 40
51 78
18 42
77 73
75 90
70 83
14 48
24 5
28 33
96 83
2 87
56 3
5 67
78 56
13 46
30 47
67 92
20 2
88 62
71 34
100 51
1 10
27 10
61 56
47 94
73 96
38 13
47 30
54 73
34 5
78 64
60 73
26 71
27 37
66 85
41 78
71 56
72 6
74 45
86 84
73 96
16 27
3 7
65 53
96 39
58 62
69 42
95 25
25 55
60 6
64 99
49 14
10 63
86 100
45 48
34 27
29 25
4 1
23 38
75 7
93 25
100 71
22 35
27 83
38 27
46 6
92 56
80 56
63 41
75 60
34 67
9 27
91 84
1 74
15 65
25 60
48 97
58 75
78 83
58 16
62 56
29 61
48 98
31 46
84 60
37 54
36 31
66 23
4 64
60 16
2 16
91 86
26 84
57 89
16 12
90 37
57 94
70 8
88 11
81 34
58 94
7 94
40 100
24 54
67 23
33 94
99 61
80 81
5 55
20 98
75 3
53 49
94 10
26 40
26 66
71 27
83 68
97 73
32 65
56 25
27 71
13 57
60 9
28 34
75 30
80 64
59 29
64 20
97 24
92 59
47 77
29 9
98 28
90 33
60 94
99 18
5 68
96 32
36 61
28 42
49 40
62 4
77 2
47 73
44 73
79 100
86 42
4 99
79 92
57 32
19 25
36 87
76 37
47 63
25 92
43 92
3 17
9 10
34 65
84 44
30 44
60 31
78 54
45 32
69 88
3 75
79 30
57 30
22 68
95 33
94 96
20 67
5 63
71 81
51 13
86 13
94 26
72 54
5 98
76 38
38 25
59 16
48 44
76 23
66 51
94 22
61 67
58 18
23 5
87 49
25 27
62 32
3 43
65 47
86 70
7 28
11 51
9 69
1 28
72 30
15 79
54 74
51 93
89 13
73 80
78 48
47 22
5 78
94 31
56 19
49 20
94 68
21 10
52 88
33 82
91 2
23 55
2 24
87 70
4 63
95 42
100 20
68 1
81 91
19 8
56 26
76 18
44 40
63 1
76 23
68 40
35 7
61 24
12 43
16 55
23 17
67 89
48 77
10 31
94 34
100 14
91 76
82 70
38 13
14 62
21 27
32 41
64 1
9 1
81 10
74 91
54 46
87 7
12 54
19 69
57 86
90 76
33 69
88 3
16 57
54 53
99 24
46 41
39 6
92 2
18 91
74 19
93 47
52 26
57 60
28 70
39 81
20 35
90 77
5 73
98 65
98 47
54 37
26 57
97 96
78 24
25 95
27 45
56 8
33 60
44 7
32 14
14 69
56 6
2 39
2 64
24 81
71 27
62 32
75 68
60 68
2 38
44 62
94 100
3 97
43 61
63 75
77 46
16 55
42 53
73 100
7 25
46 69
8 18
67 39
22 82
30 70
49 96
45 40
34 44
47 6
34 63
40 16
39 37
87 99
63 16
7 41
35 27
37 44
46 95
41 27
18 68
93 2
2 95
98 8
89 66
46 78
33 12
66 13
15 19
21 76
43 80
72 11
95 6
43 48
1 74
92 68
72 21
51 19
26 42
38 88
95 81
13 10
9 64
29 28
93 53
92 88
45 8
72 65
50 95
70 67
92 51
24 38
19 1
54 31
20 89
100 98
49 33
37 54
33 53
84 83
16 62
94 49
77 8
39 58
57 17
96 46
15 99
78 80
48 61
100 28
29 100
50 99
99 31
92 78
90 25
53 43
57 94
34 64
85 1
42 17
95 92
55 81
71 37
20 43
43 16
40 27
1 84
55 50
20 6
36 6
36 71
23 7
7 98
32 57
23 18
43 71
69 61
55 72
93 55
12 39
6 2
28 95
28 79
17 45
22 40
46 98
60 10
13 51
45 96
40 83
100 8
20 71
23 44
38 33
44 52
72 1
3 98
50 8
65 86
34 97
68 23
29 48
71 66
63 97
71 10
72 34
1 99
32 52
58 15
52 79
41 42
18 48
40 92
35 11
34 4
71 21
63 23
36 99
96 75
2 76
4 46
75 51
55 46
47 89
43 2
6 74
48 92
73 57
44 60
73 17
59 29
34 88
87 27
71 67
39 85
74 8
69 88
15 19
37 8
72 13
69 48
96 57
42 68
68 95
4 62
13 45
72 22
35 95
80 99
22 11
49 45
95 78
53 4
49 26
36 80
20 49
92 11
69 72
42 33
4 23
34 6
87 24
18 41
20 90
47 59
96 32
49 33
17 86
69 42
53 3
19 88
39 76
96 34
95 76
80 83
85 20
48 17
47 53
84 79
72 52
51 71
23 69
79 62
59 71
54 55
62 55
81 99
58 73
28 61
100 45
15 27
18 1
32 41
38 93
10 46
85 15
17 3
56 77
14 86
61 1
5 93
58 73
66 13
53 1
77 62
23 17
38 76
79 67
36 93
5 23
95 36
23 79
58 3
88 10
38 39
65 39
38 37
30 18
3 82
4 34
20 48
22 65
18 91
92 64
29 36
5 39
48 52
7 97
93 28
5 43
84 19
8 10
14 64
81 39
87 83
18 88
20 82
34 46
22 55
49 71
79 18
76 9
96 78
45 80
34 81
80 91
88 95
56 78
45 69
10 18
2 55
45 30
4 3
91 65
43 60
67 43
17 59
8 48
32 16
57 22
85 27
73 3
87 53
72 99
43 65
19 35
18 40
33 42
92 52
82 90
70 47
28 43
34 31
63 32
76 25
81 26
97 55
36 97
28 2
43 56
61 92
19 4
85 76
85 68
45 55
58 68
2 7
83 39
49 39
87 25
1 38
75 9
6 75
28 83
51 72
25 73
81 85
51 3
69 24
45 1
47 39
24 64
57 53
93 48
12 25
45 48
66 43
69 2
83 100
38 92
15 20
13 55
52 26
42 32
84 96
2 40
87 35
48 12
34 81
90 92
74 97
95 52
10 44
3 77
66 45
41 21
58 18
80 49
59 89
49 57
64 27
12 33
83 12
49 3
45 43
81 10
47 41
21 49
87 68
58 54
58 64
38 25
3 62
2 47
80 59
80 72
52 35
10 37
21 6
8 94
86 7
47 15
79 71
26 80
4 96
54 30
23 11
52 56
54 95
30 86
29 56
38 97
43 58
37 23
83 25
60 64
69 96
11 69
50 8
43 80
76 24
18 12
30 48
100 94
95 54
88 81
85 67
79 14
51 25
41 35
19 12
34 57
54 55
34 75
37 77
92 45
77 8
18 57
77 1
22 80
30 24
45 28
91 18
89 1
67 12
77 2
12 49
45 53
80 87
82 18
3 16
31 22
84 32
91 29
2 45
49 75
43 73
96 25
71 5
97 67
50 73
27 73
50 38
97 54
19 79
84 2
17 51
95 43
44 74
61 14
53 58
34 31
71 87
4 30
23 26
35 43
61 2
90 84
4 9
72 70
76 30
87 97
85 90
16 92
99 68
52 97
92 4
57 12
22 40
76 46
78 6
41 99
47 72
19 56
99 49
27 19
6 95
43 12
45 49
3 65
82 79
98 72
61 52
41 15
26 27
88 13
3 89
10 27
1 2
19 33
62 38
12 74
51 74
10 85
67 35
59 42
45 78
42 65
70 61
67 57
36 85
25 71
76 80
23 31
99 17
5 59
55 81
73 92
5 40
98 22
28 13
84 88
56 78
72 34
31 80
77 28
24 57
46 24
71 3
26 64
73 16
74 44
38 86
7 85
41 91
61 39
70 77
75 63
89 41
98 16
10 78
82 60
28 76
5 41
62 60
74 72
29 54
30 96
17 73
90 96
83 4
18 19
6 38
9 96
72 58
67 66
30 86
18 86
63 26
71 63
8 4
33 54
72 85
96 64
25 78
34 52
22 47
64 75
16 59
42 41
21 98
86 37
27 35
30 20
53 90
88 30
5 89
86 13
66 53
74 18
10 87
23 13
47 51
96 89
65 41
76 100
39 47
19 48
95 47
1 2
15 17
17 86
69 70
91 11
41 9
85 100
98 78
6 99
46 18
67 85
95 23
47 94
82 33
38 15
41 92
78 21
47 34
69 83
98 11
85 67
34 3
9 57
100 67
99 85
53 12
87 66
28 97
11 46
70 24
66 16
53 27
46 40
46 38
81 6
39 95
12 77
47 85
55 65
16 86
27 91
99 29
85 60
70 71
31 61
87 55
88 25
3 95
68 67
81 29
49 30
