1000
3
-5 3 1
4 1 -2
5
5 1 4 2 3
1 1 0 1 0
5
-227 267 12 186 -325
134 118 56 -804 -358
4
792 -568 -514 896
861 878 446 -469
4
111 11 -25 106
725 -1 0 429
4
353 712 -196 -166
-706 -401 917 -943
3
-897 -718 -285
819 -398 -865
8
-944 766 -637 969 -737 880 -741 -769
-862 651 519 -989 -486 -315 -642 -900
1
157
-749
6
243 -978 598 578 430 -890
-395 -693 839 650 -165 86
4
543 337 883 -30
-6 -100 -212 158
3
-994 -627 92
471 396 -808
6
-753 863 134 -709 82 -627
-890 -770 -889 945 890 -445
8
-739 -752 -152 -620 830 -57 -645 528
463 -532 643 598 340 117 -349 -749
8
725 132 13 -595 -529 891 -456 -134
982 -306 121 -695 -759 -932 175 -808
8
-721 422 363 582 -783 727 -716 -477
962 -724 -963 -790 914 -188 -966 825
8
657 -863 481 952 -735 -877 851 911
590 -832 -323 852 -889 -545 131 -595
3
700 418 768
-8 355 46
5
-635 453 -357 -329 -799
707 -428 -747 291 884
7
-562 -190 831 942 904 -647 -897
331 933 824 -628 881 983 -993
8
811 125 -949 531 -842 474 -869 -922
-727 -993 -470 -896 -876 -731 173 -327
2
153 -686
-775 -280
6
-893 72 -576 -147 395 -768
-158 -181 -351 -702 66 464
1
685
-109
2
371 -935
860 -856
3
54 791 343
72 -222 959
3
-965 -972 912
980 218 751
7
819 781 -339 -928 556 891 -954
-708 -938 847 -777 900 719 -437
8
827 -257 -765 -680 792 -355 805 855
-610 -954 878 993 -221 -781 -282 478
3
-728 -728 -320
737 -267 -915
7
-864 -630 -728 305 284 89 935
779 -684 478 -654 -991 723 261
6
-433 412 -744 566 714 -747
31 920 647 603 874 590
4
-340 327 814 -835
735 503 433 -702
2
-293 753
-779 837
7
-252 984 947 -946 969 764 547
796 -484 388 784 -952 -278 796
1
-876
-880
8
875 -263 673 -723 95 824 -783 800
272 -553 909 609 944 992 979 -853
7
557 796 -754 529 705 -748 537
-352 -534 884 846 502 813 -284
8
181 -394 -580 817 -602 -833 94 -688
-751 642 -795 -336 -221 437 379 -583
5
918 788 771 -544 497
457 -911 765 -702 -261
4
30 538 680 85
-598 -958 -39 -674
6
979 991 736 717 -609 -4
-887 965 858 560 -783 -976
5
178 -158 308 -627 195
726 -137 73 146 -436
5
-93 -569 929 -557 -871
544 -799 -744 -956 296
3
491 47 -493
516 137 -471
1
-373
-940
7
749 -945 -13 -920 866 902 -541
-583 -439 929 208 -225 678 911
5
653 -953 -95 589 -916
939 -694 58 -50 -816
2
-350 228
215 72
7
-854 -514 -725 624 425 -883 590
-332 378 859 -651 364 506 781
6
243 -257 -202 267 -248 221
-4 -671 -149 822 -976 343
5
581 -721 828 -802 342
-869 -65 326 60 597
6
-411 711 -192 235 -591 880
195 908 678 289 903 -972
1
-565
880
5
520 776 -96 459 900
550 948 -769 748 -457
7
475 -767 932 -452 158 550 -481
-53 -688 779 490 881 262 -789
6
-796 -807 939 -659 129 -625
-682 -169 -907 681 970 -725
8
-294 -282 -184 388 -103 -333 156 484
66 37 -114 -609 -903 -144 15 -85
4
-941 953 817 868
-552 -450 -853 -631
3
-897 -669 984
597 -587 973
7
-644 -727 -590 -990 -224 878 633
-711 875 959 -604 -284 622 -738
8
-224 -734 27 378 -318 793 153 790
756 -915 -96 -503 -988 -861 478 -995
4
971 -670 860 -800
947 896 683 -970
8
342 -148 -589 -549 305 306 763 887
-418 -286 120 929 -395 780 -61 877
8
-248 -464 235 994 -428 561 366 -347
672 -700 -816 -706 797 -834 142 554
2
-856 -673
-637 -501
5
362 -259 475 -34 -751
-575 820 -797 -611 852
3
-912 619 -312
-432 -925 -791
7
476 -501 719 -727 -816 649 614
451 -591 -119 -161 521 -310 -870
5
-619 -152 -179 -363 107
99 -245 154 133 -134
6
-973 -985 -513 963 502 -936
776 -904 793 -932 -706 -190
7
-501 -423 -698 -467 -827 51 -492
283 -441 992 670 -229 301 741
8
-46 -448 567 997 -969 814 -662 -439
-631 339 892 38 -734 -952 908 -531
2
-48 9
332 912
2
703 775
-877 315
3
832 815 -871
877 707 397
1
-950
517
6
-27 333 592 -26 710 262
746 -791 -914 -235 -437 -247
2
72 -316
213 -185
7
898 -875 465 910 975 892 628
-985 -972 -488 695 -919 987 492
5
-800 868 -654 -304 784
458 -762 -975 -664 -739
4
-328 -881 -584 -438
-794 -167 791 -777
7
327 591 -140 -394 -290 -173 -376
-201 149 280 386 -540 33 -602
5
-806 437 -219 -204 25
221 59 -950 385 32
7
-306 -582 -414 632 998 951 -975
-975 567 -98 -741 -977 -446 -308
6
7 827 -729 -841 -928 -731
405 970 813 -466 -498 553
8
-129 427 963 474 -149 -362 316 914
736 944 154 -645 741 711 -460 -591
8
-352 -532 -27 510 -227 -724 752 -116
89 -311 -255 842 -124 222 500 516
4
458 764 -449 999
450 439 -201 -334
6
572 332 -57 -181 496 -745
-520 -941 -825 311 -700 570
7
-483 -249 -236 736 592 -881 308
680 746 184 339 681 -64 -201
8
286 -899 607 -630 159 -970 -554 -866
744 -968 -822 -890 -541 709 -635 410
8
208 -647 -782 946 678 -539 -798 -594
-357 333 424 712 -756 898 27 889
8
-439 845 -857 191 -642 764 -319 -820
-738 405 -952 729 -694 -26 -990 148
5
460 -263 -677 791 -894
-209 -918 -307 -401 -3
7
-349 691 241 547 -265 -515 -679
17 -167 -353 1 155 -335 319
8
-621 61 -132 -289 -220 108 296 -83
179 -48 -175 -466 -639 -136 945 -232
5
-342 -727 -976 -941 -313
771 -512 417 -253 -803
8
943 -727 318 -712 -917 -894 619 -968
560 -820 -148 570 -585 -448 -597 -21
7
227 183 297 -463 -593 -339 322
557 -3 -306 -145 351 -408 574
4
865 379 -51 850
341 -674 352 -49
7
-945 -27 -655 -870 84 -837 -744
456 -623 -656 -598 -134 786 -130
3
862 145 824
-115 130 801
7
496 -566 759 831 -519 -864 570
246 -930 -936 968 -981 633 -891
6
-649 715 40 249 -692 725
157 15 441 257 -280 402
8
489 -835 870 838 713 588 847 -784
632 -27 -754 960 -754 -588 -855 350
6
-783 -338 824 -961 -460 796
-654 -735 -845 816 -628 927
8
-167 -700 -795 -982 -772 907 914 966
816 756 -979 533 -673 660 421 687
8
-903 540 835 -184 -839 -942 897 -385
-921 60 -940 841 47 692 -820 998
8
-1 147 38 68 388 506 204 239
-25 -232 45 -796 110 -13 184 -45
2
933 -360
-437 797
3
-379 99 544
-12 940 -865
8
595 977 231 -545 -911 -682 132 -348
-723 -476 229 -703 890 -232 -638 725
6
-6 155 -151 235 -513 -99
-519 936 113 -470 -144 -29
8
-628 -480 788 859 5 471 -683 902
-915 462 -360 -913 397 267 -998 -788
3
-951 840 375
-933 -687 887
7
-736 -612 971 -537 764 461 599
734 -965 503 903 -711 -28 692
1
-601
319
6
882 -751 579 827 849 -231
875 442 357 46 263 967
3
969 -610 -405
690 428 108
5
639 -947 -731 -784 817
-396 791 314 974 278
8
716 520 484 399 -162 -338 -426 -26
271 93 -92 156 -265 -130 126 207
7
621 -711 -994 -686 556 -151 -109
-755 508 163 -424 -141 -647 -467
6
737 -921 -916 -945 887 -723
-810 -163 -472 -866 782 -135
7
-952 -911 -797 360 957 178 -403
940 775 931 -417 929 780 -578
3
-873 -617 -714
-905 593 -925
8
595 -798 762 771 983 358 870 866
-957 -23 -510 -849 -960 870 245 -546
3
478 -217 -956
853 -704 -252
7
-934 -938 883 703 -441 254 -892
354 855 -76 100 729 -934 366
7
748 895 -746 -673 -797 -773 -99
940 650 817 -103 900 -493 -504
3
836 -607 -713
-772 796 45
5
-597 -917 -371 -380 597
715 -788 470 824 531
1
978
-786
2
-71 -322
-442 995
4
261 690 132 -85
-938 843 637 738
4
834 -683 -984 707
-748 738 -348 -873
6
407 -276 -773 697 -892 -803
-919 930 818 -991 744 -492
8
-226 809 715 234 975 518 398 398
735 -7 471 -201 992 -573 483 -663
7
694 424 987 -985 -964 -864 -692
-955 570 58 723 -512 879 105
3
744 986 -968
963 844 347
7
-46 -569 47 -63 -495 -22 474
-465 910 439 -59 -866 801 -699
7
477 -259 -534 343 -326 968 803
597 -727 820 880 -772 810 332
7
635 859 -676 -52 973 789 -952
902 425 530 -940 187 792 -267
8
-290 761 646 -232 897 -813 -751 -746
-738 784 -448 310 12 642 730 -910
8
-687 -996 719 943 -581 -649 -572 81
-17 -789 -547 -362 -917 -930 -108 -992
5
251 700 -165 -959 647
255 347 404 -627 586
7
971 849 271 -737 232 -732 894
-870 -985 964 263 -718 692 -283
3
805 -517 174
-549 815 -220
7
-234 232 234 -92 746 -212 805
-884 -973 511 -705 -578 428 911
7
565 547 855 483 -800 -324 195
-515 -622 346 -773 579 763 956
5
-346 -157 703 -801 -145
-49 -834 -316 -566 831
6
-982 -146 -599 502 -878 -897
-782 595 881 391 261 549
7
891 999 -820 -826 -947 -749 -847
-777 346 -907 237 -679 -161 -916
8
-816 -663 62 290 -424 -226 -983 331
460 -650 -968 -748 740 -73 -38 -200
5
-616 805 -838 916 776
-809 905 857 -269 -765
7
-185 -800 491 445 273 -156 223
20 -961 -150 -710 102 150 214
8
560 426 125 471 327 52 -779 614
153 156 943 36 -216 -150 28 980
6
856 287 789 787 157 -840
441 869 -795 560 656 -417
3
-214 -46 -228
160 -44 846
8
-808 -733 163 0 -378 -781 -473 -439
114 -799 -228 -24 146 -318 161 483
7
829 -620 314 -479 835 673 399
-754 -955 -1 -999 1000 652 953
8
645 842 506 -618 -949 -442 283 -848
-927 -731 332 969 -18 255 867 -390
8
586 -383 -50 -70 -35 -467 193 -138
-438 413 -197 695 265 80 -703 165
7
629 -941 -839 656 153 -291 182
103 398 544 240 -596 167 730
7
195 18 125 691 -852 585 -273
-996 996 516 699 -966 23 -404
8
-991 790 -936 762 339 916 989 477
-764 371 -926 -368 -972 -608 932 271
5
-10 350 -199 -567 -301
-820 -51 -933 629 31
8
621 169 -781 -250 869 638 913 -586
-437 701 103 496 -208 513 -923 868
6
-968 -449 -612 499 -921 901
-642 -576 -917 -973 845 -870
7
873 909 -437 -1000 523 123 646
-391 -897 884 -609 944 910 840
6
-135 -745 250 448 -247 73
16 161 -321 -567 -752 -370
5
-38 -303 -356 -57 98
-411 -150 136 -348 -388
5
-90 658 -333 90 -253
80 810 -166 -578 121
7
-11 -110 949 443 -877 626 -555
930 794 -679 803 -908 -762 59
8
372 -690 972 866 15 -314 -871 260
-663 -99 582 821 442 791 449 494
6
48 -842 944 937 178 693
-517 -640 -134 8 427 787
3
923 -760 86
-957 957 595
8
-539 -295 293 -462 -506 -663 -63 963
-747 194 556 833 555 460 720 -336
6
865 -474 -927 134 606 853
111 357 -401 941 -651 -890
7
96 -42 -909 39 105 -472 -323
806 -956 471 -962 910 922 985
4
-200 -529 -573 -673
965 462 -516 690
5
-712 -645 -844 -192 371
816 871 163 736 869
2
73 798
-994 918
7
729 578 -300 653 -325 -672 897
-274 631 -777 28 961 -955 -376
2
400 978
503 559
8
319 744 -336 411 -632 926 645 -591
765 945 443 -843 172 -464 797 862
3
-693 -358 994
991 -808 626
8
-434 -793 -402 896 738 582 252 896
-916 720 -103 821 806 -967 961 998
7
994 933 914 -562 -762 -685 263
345 232 221 -765 -820 -906 -201
8
760 -487 -105 349 96 -565 -83 -335
255 -42 103 716 419 -464 -432 -258
5
497 647 930 644 -901
-932 729 735 -927 -978
7
-888 554 973 -995 -209 -300 -315
-112 685 -529 551 -211 -135 617
8
-962 -65 -544 293 -954 537 -216 128
-394 -362 -62 756 584 -739 -70 -29
8
176 -319 -18 369 -241 603 -475 -290
-4 -254 103 -225 164 942 -3 -414
4
884 -865 -930 894
963 -744 727 -251
8
901 -745 691 -681 703 166 -524 697
776 -925 -665 913 329 692 694 -731
7
767 -611 -143 662 -821 596 344
-279 237 -590 -590 235 -419 778
4
-493 821 -697 916
496 -965 953 851
2
647 -881
731 -713
7
499 -698 797 271 -946 -232 -937
-686 -930 -436 -1000 951 794 513
7
-960 -757 943 525 939 547 -234
971 -577 847 -444 500 -817 743
1
314
479
5
617 791 -725 980 -696
938 916 -647 866 980
6
650 -533 -211 395 529 -404
957 312 172 857 -538 -680
2
-433 -357
580 -396
5
-800 -568 -337 -469 193
360 -834 -685 733 446
4
780 -579 -283 -962
869 115 -299 -490
6
-934 388 -579 940 942 949
-556 -507 -217 445 -59 -434
1
-438
-264
8
-156 -122 174 381 72 117 521 272
-42 853 -97 170 -71 127 -7 136
4
-274 184 -999 -536
-913 421 -744 859
7
-770 910 -828 922 -651 -992 604
221 523 515 478 -317 -411 -611
5
-955 -871 -850 675 828
-587 -462 -946 -639 -544
7
-208 234 180 -152 -564 -643 337
-490 765 656 28 519 -589 48
4
-245 363 56 444
-137 336 107 440
5
-834 -416 -383 -429 -383
-73 571 -241 -989 860
7
3 922 -711 -484 324 929 955
821 -382 -956 33 -290 737 -645
6
-480 -755 -778 79 370 -659
995 -867 -29 -173 -369 -796
8
485 844 -966 214 718 -915 -394 -714
504 598 -10 -36 486 -408 -868 -859
2
-370 -795
-194 373
8
987 -584 -968 -659 -651 -716 -784 -904
956 906 -268 736 871 -321 538 -618
4
471 960 -708 -129
949 -133 -749 -545
6
-494 -928 -993 92 351 211
810 -975 828 -941 519 -488
8
459 -859 -899 -514 -910 111 -990 833
862 939 -847 -857 -866 -681 610 -956
1
298
-262
7
-884 -523 751 771 986 -361 -265
596 -978 711 971 400 -776 -670
6
783 140 -470 -616 -874 106
70 -976 -387 496 -839 640
7
50 359 -511 -742 944 883 -413
836 -607 -966 -860 -786 757 -823
8
266 -330 -847 -435 -322 965 528 905
143 362 -993 -756 -385 827 -992 -857
3
-694 -720 948
973 -971 -550
3
-941 -1000 652
-770 -827 734
8
24 796 687 388 -372 42 816 270
634 -86 672 -352 72 462 -916 255
8
-544 974 835 -328 849 264 -920 786
-583 409 840 -431 -508 585 -902 -531
2
451 -985
-916 929
5
-892 11 -7 -276 -8
-467 147 -137 721 -327
4
-489 914 -582 -872
616 160 759 626
4
-661 -462 -568 260
993 186 552 300
8
-718 507 610 432 722 -559 918 -920
641 -951 -437 84 112 834 -910 973
4
-822 -329 337 -521
261 -64 309 -432
5
556 50 -231 -694 363
438 -855 -333 -902 -72
4
-583 871 -239 -462
-910 700 -54 -871
4
-270 -588 -7 830
318 -283 -531 -308
8
590 -528 889 -267 -559 -966 -506 -1
-392 494 -774 116 -402 185 -235 -245
7
881 293 479 10 -921 588 666
920 988 976 873 466 381 -938
7
-121 607 -414 412 -337 816 -505
-744 -543 66 27 -120 -525 45
3
-51 824 -301
-472 -61 695
8
-541 -806 776 777 -580 -739 815 895
902 -778 -109 -720 990 -882 -350 878
5
187 119 166 -772 -765
-822 13 -945 756 -505
4
13 -307 397 -249
608 -993 520 -255
8
-854 -104 265 -779 -518 377 734 649
-874 206 991 -685 496 788 34 -917
7
464 -727 -540 -690 -882 -567 -634
-693 -742 308 858 907 155 -678
8
616 -707 877 -738 704 -897 89 -615
807 609 411 686 -442 911 651 410
8
-838 -621 -916 -908 -739 347 -459 -754
963 -358 -687 917 -724 539 988 286
6
-486 605 -6 -59 905 940
-49 268 -253 -226 175 -50
5
-720 -893 880 -499 188
505 893 -762 847 874
6
789 827 636 756 -949 -588
-927 -822 561 -286 796 199
4
-873 -845 -891 -844
-776 -900 -759 -783
5
623 -504 -365 163 441
-61 1 196 157 -769
4
-957 225 677 -808
852 -726 -706 -892
4
978 317 826 -216
-696 -804 896 506
4
987 765 -559 675
-422 796 -866 -236
5
9 806 415 962 -89
-750 530 -349 -926 -925
7
814 962 -681 -706 658 -311 -300
-703 496 -784 40 -569 -697 -51
7
-591 916 -168 -421 570 -619 -864
-313 -990 -821 406 -306 -554 673
6
-583 391 961 -37 -542 727
925 491 -506 -991 -707 882
7
983 658 -889 -338 -950 -844 428
-71 -985 951 -975 767 -947 -510
6
-576 -904 685 832 -39 -916
832 -922 794 693 -873 -522
7
-436 56 203 920 -820 211 984
-416 533 745 594 596 -657 262
2
205 -669
-66 -274
4
-460 937 315 765
872 104 -800 424
8
-609 -879 949 -921 635 -799 543 -545
508 -308 660 633 381 742 814 -770
2
-519 -664
579 -437
1
-965
129
8
-562 753 622 948 277 560 -386 -827
-95 -730 -532 743 847 695 676 974
7
-813 802 -879 487 306 473 347
-123 105 -577 -255 -422 -503 200
3
866 826 -541
936 721 -925
8
-676 -337 777 768 64 -998 307 461
656 544 -233 58 -967 -602 783 -475
6
-278 609 -302 500 943 359
-17 -972 -27 804 -612 404
5
239 316 31 -584 76
22 -309 -751 -35 403
7
76 -957 657 -987 -663 -999 440
815 -540 853 313 -130 229 923
4
-889 -863 295 -656
-384 -920 979 -936
8
250 -579 146 71 -325 274 -2 210
-586 918 -314 292 294 236 88 69
6
922 875 814 -231 86 505
74 595 760 752 721 -705
5
787 487 -497 -856 755
484 -914 -874 961 482
7
-919 943 -990 954 -942 -999 -228
230 716 -697 -584 -865 901 -827
7
751 -823 -981 492 -436 199 133
-22 -55 -434 264 359 367 558
7
-431 32 -244 -779 383 -304 -492
-361 -139 -382 252 419 44 -456
4
488 -719 982 472
-754 -744 217 668
7
734 -726 -805 980 375 -814 822
181 963 -999 768 829 840 -253
8
718 -769 -39 -567 -421 80 645 659
77 -623 6 308 253 -134 662 -913
3
298 981 720
861 -610 664
8
135 -247 -598 -632 -883 162 -968 -33
941 60 -410 -96 744 74 -597 -15
5
573 -975 -208 -636 811
726 782 -303 -560 -806
5
874 -149 672 685 -693
-465 776 -654 657 -420
8
9 -675 975 947 -877 -425 794 -643
417 975 -594 -887 473 -866 40 944
2
-741 -884
-742 -149
4
917 755 -616 854
-40 -412 -432 -848
7
956 -505 812 820 -37 945 -701
-225 -969 846 361 -157 835 -652
7
864 982 -632 863 -677 -86 860
-539 996 -866 507 -126 -695 889
4
371 -593 -339 -586
-653 -570 199 759
1
-394
-901
7
898 -796 574 -294 475 -221 193
-982 999 282 666 371 -207 267
7
832 955 -704 468 -444 998 907
191 307 -253 -358 700 796 955
5
-674 -959 -517 519 -712
-997 982 -384 733 -28
2
25 -160
256 66
4
841 334 758 -839
-485 409 -644 896
8
284 402 797 -699 -746 650 -937 9
-775 -4 -37 239 -114 316 -851 552
1
443
-563
2
-443 -842
923 -228
8
969 967 927 -90 592 26 -992 -679
-762 -938 -720 -759 99 114 -764 -987
7
-247 -634 736 -660 -195 -490 276
124 -145 46 -506 98 585 -92
6
655 777 710 640 -870 87
766 -222 237 830 -271 380
4
-344 53 -513 -283
-432 128 -403 287
6
-380 724 -255 -661 -972 880
-92 -220 -498 -200 493 961
4
-236 267 -389 -898
100 255 -613 -219
6
633 -489 755 -513 649 920
-75 53 -191 -824 732 679
2
448 -848
-817 372
8
-567 496 309 -575 -835 -949 -370 -787
-490 -995 -784 -389 -959 957 512 926
1
-466
-233
8
-615 -770 -767 -849 -220 15 -796 43
816 704 -667 -176 -648 530 -37 818
8
-673 -797 650 93 795 -583 -773 997
983 -757 -907 944 951 631 -37 522
2
-132 985
-964 882
4
636 -977 856 986
-69 855 840 813
7
-767 450 562 163 456 385 -851
-776 -949 -508 -960 -60 844 -52
3
-75 854 -97
143 -977 90
6
850 -49 969 850 -914 348
-699 -357 234 424 -567 -972
5
-598 79 -62 4 -224
-275 130 -660 659 -193
8
949 621 254 690 -591 -717 11 -972
-114 862 891 -187 -619 701 -442 -605
8
289 602 940 887 748 842 391 569
374 851 -914 -612 507 474 -458 -900
8
0 1 1 1 0 0 1 0
469 -653 973 -964 633 -545 -911 527
8
-21 519 -936 990 -57 455 -669 537
-441 -307 -301 -993 642 769 -641 734
2
-74 127
74 -406
7
-429 -875 558 -544 716 -295 364
-978 -710 686 901 -173 881 -956
3
-402 981 -933
-590 -687 675
6
69 -916 -919 966 -640 769
-737 -383 859 249 -620 514
8
-280 -864 -353 -822 -602 -985 -959 746
-976 -844 -863 -794 749 -848 -876 556
5
-101 103 172 -794 -887
-715 -802 -810 -31 -765
6
54 905 -269 434 985 -826
-540 940 -511 -107 82 998
4
973 -753 -834 -724
-341 968 751 162
6
-21 29 -168 -229 86 -176
169 50 -658 60 382 -155
8
-10 -894 -901 781 -93 -500 -922 568
-905 -901 -427 -760 4 -974 -587 739
8
-750 805 -268 -865 -769 -199 -214 256
-524 828 696 612 93 873 467 21
7
54 -946 -818 -101 989 -773 64
410 10 872 -202 745 221 -974
6
840 -631 918 -1000 358 878
612 897 484 257 902 -803
8
-465 539 666 888 -239 -287 -999 -836
-949 -515 991 -564 853 -982 711 810
3
-762 330 600
-53 -71 -567
8
363 -353 -547 -483 740 86 -388 116
-134 -556 159 -154 15 757 49 147
6
869 868 784 802 886 816
-811 992 -927 921 -488 -865
8
-440 466 935 -854 -950 180 29 -474
-594 -430 -340 -927 -339 -599 596 366
7
-351 142 -29 -312 -63 -120 -473
580 61 -588 -140 -84 297 76
7
-169 121 39 -230 -41 -221 -522
-853 591 -16 -299 -67 -409 -973
7
-711 243 403 -318 -178 264 539
-781 989 -920 585 -872 -758 795
7
-795 -636 1000 -517 826 838 858
-577 -444 -689 70 710 -637 901
5
-991 -220 916 -379 259
-975 -137 -662 -814 413
8
-788 572 77 -900 -448 -244 536 -490
701 472 -253 -271 995 386 429 -169
6
-78 977 146 527 381 598
-575 596 -783 -910 -501 383
6
-211 -290 -24 474 682 -737
770 -94 704 -14 -976 -971
7
-524 -189 -479 -77 186 -71 357
702 354 -896 100 -160 671 -140
7
-976 -932 -702 -124 24 -180 -117
-55 -624 -771 232 79 -406 778
6
834 855 -573 713 -427 -185
685 -386 -918 687 -453 -186
8
-19 108 129 383 -12 80 -75 -708
-470 -329 -544 857 -82 423 -702 -685
7
898 347 -785 656 -995 -34 -814
-581 -849 470 -793 902 -741 869
8
657 -681 934 642 807 -506 -589 -985
458 966 -867 -760 -23 912 892 89
5
-541 277 -247 -595 -724
-680 -653 -584 91 880
8
-583 -786 -832 -412 846 -808 -978 849
746 -721 732 695 -801 -938 408 613
8
611 -760 -648 666 767 373 -343 -219
767 -891 -632 -651 -529 985 -754 809
8
-887 -847 -886 -253 692 -918 -691 -947
-773 373 -949 940 -673 -834 -609 -763
4
-973 -340 -647 -795
-329 -881 963 734
8
679 679 679 679 679 679 679 679
679 679 679 679 679 679 679 679
1
-75
948
7
-625 -431 1000 818 -216 -179 500
-932 377 -721 708 -301 -965 -755
5
-392 -920 -47 -943 892
-491 606 933 414 606
5
787 -601 -712 -754 -406
-869 -792 655 -439 706
6
844 -741 137 -811 -874 -941
-871 -631 -60 686 744 487
6
945 -917 924 652 -637 909
-248 644 523 957 973 645
8
713 325 -696 -724 998 -915 -899 -270
-763 -991 -865 217 -76 776 -136 -600
5
-508 713 511 -658 -289
760 719 20 663 -90
4
-218 144 39 -936
-130 -420 310 -381
4
-786 857 556 801
-877 916 -822 -71
8
-756 -976 578 647 182 412 750 671
-879 578 -804 -741 -481 656 -836 -624
3
232 -420 578
412 -801 -870
6
378 811 -323 472 70 -957
-47 -729 -772 -574 430 594
4
-991 -952 925 540
-645 954 831 -654
8
-509 924 -638 -837 704 -749 334 553
-840 203 223 -1000 -87 519 356 -924
8
-96 -876 -424 446 -679 -867 -310 406
-440 385 4 -527 464 -308 604 150
5
954 693 -817 426 361
585 -990 -862 713 -935
7
773 801 -664 -456 789 843 845
-845 410 -762 946 603 884 -999
6
-206 -917 -86 -183 757 -506
-221 343 407 421 -345 555
7
800 939 1 -585 301 866 360
746 -370 607 -770 355 -958 838
1
-702
-675
5
-229 517 940 -526 643
420 720 -856 988 -676
7
-714 -338 -582 617 -891 -459 928
355 154 843 -984 -651 -345 575
5
-906 476 -983 864 536
577 -706 -974 673 870
6
-204 928 548 -864 -773 -406
-691 888 604 862 -776 742
6
-564 768 -734 541 844 670
-699 -779 -738 602 961 -889
3
-273 -595 24
407 579 -291
3
-310 229 514
758 532 -506
6
160 826 755 388 865 344
-809 777 -835 -385 -347 -130
8
759 136 -454 603 927 620 -514 -843
-739 893 793 517 741 851 482 134
6
-270 -943 -817 955 -584 -383
670 -307 -773 -557 -525 -666
7
-174 201 -372 -352 -928 393 420
-478 501 361 402 958 595 172
7
611 -149 913 -85 -604 55 -162
546 -458 -489 794 -335 -946 -894
8
859 257 -6 976 594 689 576 -378
679 589 -688 -886 -753 -541 928 -957
5
236 -953 -408 -777 930
174 -475 -647 -243 862
7
-984 -826 -914 -335 964 -423 779
-644 -316 -969 -986 -472 498 -705
8
357 615 -881 968 -146 994 557 875
-881 -968 768 583 -851 930 -607 910
8
739 -943 983 -674 -676 864 -700 844
-386 779 530 899 383 -897 128 967
2
600 675
780 -619
7
673 322 105 252 577 428 -252
850 99 978 126 155 10 192
3
300 282 -846
856 -514 3
1
-684
624
7
813 -496 881 -743 851 922 821
-558 816 887 -716 -421 -972 -611
7
119 385 994 987 955 -795 997
966 222 -864 -259 -629 -842 38
5
-926 238 -417 -330 30
82 -214 259 -335 208
6
36 445 -311 -302 572 615
0 718 320 0 54 -101
6
-688 842 -681 983 -951 -336
656 -665 -956 -845 -904 717
5
-10 296 -240 -909 758
62 -813 875 -146 180
4
-799 -343 910 347
-773 -839 -767 972
8
-589 631 -114 948 -853 179 -876 641
-987 750 -165 992 252 -36 413 572
2
-784 984
849 804
2
-534 -582
-659 744
7
439 598 585 883 720 -956 -978
771 933 -772 224 438 -589 -534
8
56 -385 -879 88 -217 -262 193 21
-211 155 389 -361 117 -394 -185 -355
4
-663 710 757 -786
979 -637 358 -682
6
-979 952 514 -883 -276 -952
-934 -758 344 942 -810 -679
3
-617 -203 546
-515 875 -283
4
-601 -770 858 341
844 -912 709 -971
5
61 -934 -674 -244 472
54 952 -354 133 469
5
323 562 -504 668 -362
-645 928 734 191 457
7
380 604 -35 -816 -459 -753 -540
968 900 106 709 -998 700 -776
8
474 841 -500 -984 -958 -973 68 -796
669 696 496 586 -421 828 485 -600
8
511 987 460 640 -963 744 556 -854
-732 -899 977 -604 -612 -25 -850 545
6
-859 -336 778 -950 -283 -585
978 951 846 162 -415 -972
7
644 -891 938 1000 486 633 589
-721 666 -993 431 -983 482 -929
3
-973 -764 -588
-527 -797 -777
8
952 982 -737 -177 -711 -522 -931 -292
515 -668 479 -937 662 -834 -434 582
6
600 718 873 666 737 784
843 -954 945 -446 699 -890
7
32 328 47 -491 -747 -337 -932
188 -48 462 -566 834 566 631
8
-684 713 886 -775 496 -479 -260 911
-582 -983 836 -686 25 534 -841 -461
3
-50 -913 -629
792 910 972
4
28 523 486 363
14 604 22 233
3
-538 -23 25
-265 20 302
5
-745 969 -429 -969 -684
-777 -454 790 706 695
8
192 150 19 -355 22 -163 33 243
-268 -200 278 -76 -453 280 261 49
3
378 -914 -522
653 -392 -486
2
924 906
-822 598
6
-8 144 626 561 -52 155
-535 578 193 131 35 107
5
-277 -586 -454 43 -906
934 -751 -977 389 -861
3
-941 -767 -845
-989 717 723
3
736 687 541
196 -661 955
4
260 -797 987 766
-333 -531 -399 849
4
-417 -748 383 707
325 930 784 -429
2
-301 -377
826 -136
6
811 -93 104 580 286 -169
498 277 15 -426 -619 -37
4
-502 -84 303 413
15 -646 -73 465
3
-148 358 78
-200 130 -10
8
-28 -28 -596 686 763 -85 644 88
147 -151 399 -31 -371 749 287 403
6
-535 -529 -679 336 -722 54
768 -391 -708 -377 804 608
5
503 392 -333 -758 490
-181 414 11 774 605
6
-360 21 -190 -338 132 186
425 538 -791 381 -305 -249
6
-639 197 99 59 -178 968
-729 -597 -610 795 567 339
6
911 878 822 -144 622 807
7 -202 -327 89 882 -953
1
-976
-478
7
-432 20 993 937 485 -271 -980
-668 713 -652 -427 889 -646 261
4
-32 -953 -763 974
-962 259 504 -630
4
-83 -616 967 848
877 -628 -959 65
8
-930 630 -885 365 -617 327 648 653
863 799 -622 -839 -474 869 648 925
7
859 975 -873 219 415 848 -901
-46 -419 -464 253 -138 -606 -10
7
409 -190 388 -997 -657 879 -781
-88 -372 479 374 -77 -919 -25
7
-24 399 46 -360 -537 70 671
154 -152 -725 176 -194 492 244
4
-361 -889 701 207
892 861 754 -97
2
-208 427
-639 567
3
-829 -909 -882
-986 162 272
1
752
765
8
238 -874 -774 -616 787 -697 988 -986
981 -640 -996 -788 810 -772 -742 805
7
790 -932 -284 -1000 624 -739 918
780 -755 391 -447 890 -607 -435
5
899 -803 801 -1000 -966
938 575 899 194 533
5
-200 748 989 344 350
857 -45 -621 532 907
4
860 -204 -950 -868
990 604 -791 153
8
904 -905 -416 54 264 160 331 413
67 857 976 -376 562 742 -150 763
6
-602 804 -999 -995 780 746
-898 -861 -954 515 -842 -437
8
838 765 111 453 -889 123 96 130
-641 -702 718 -820 630 88 800 625
7
684 -977 878 -981 -647 343 -819
-432 479 -724 736 685 -744 -241
7
729 944 985 292 -627 700 -459
854 -646 638 -20 -750 427 -866
5
-923 867 -280 324 -762
237 -676 -536 202 -429
8
-914 968 709 331 501 -637 -437 -688
-706 187 -232 988 -680 810 -790 -833
8
-442 536 713 -244 605 292 -995 992
-297 695 -942 925 272 688 -727 -834
8
46 193 210 92 -266 -527 -289 -494
-815 -281 -81 -71 752 3 -579 -266
6
0 442 -749 387 624 802
163 951 979 600 992 505
5
326 -534 -626 -424 721
-822 -777 -756 745 -907
7
576 -545 71 866 752 -759 -616
-226 -769 665 554 -600 883 -836
8
-613 -1 -924 202 899 391 -864 -760
-803 278 -297 -724 -993 -952 698 983
5
368 912 685 -891 -175
513 -898 720 -653 -803
1
930
715
4
107 870 633 191
727 97 -57 575
8
-372 -849 967 -898 -409 764 -636 -629
-839 30 106 -312 -715 868 -466 -400
7
-865 550 -561 -786 -566 73 -506
-182 -54 -33 -60 -245 301 -307
4
-672 -624 230 -410
398 534 943 -790
6
-723 -629 -194 -838 -804 -201
-956 -348 838 -351 -656 -557
8
854 -998 -393 742 905 -492 -597 -837
646 -730 660 979 -942 -824 790 -51
5
95 -642 886 924 214
965 885 -989 768 -634
7
-965 884 445 -59 -622 -772 -389
48 -495 -637 -28 -392 -667 740
4
512 550 819 -549
-519 584 -957 -793
5
-854 -910 -797 794 -377
665 768 -789 792 993
4
933 120 442 969
-224 -598 738 633
8
-54 808 693 676 863 887 704 -964
-367 745 -955 525 -471 445 786 967
4
-325 120 -87 498
-326 -938 674 269
8
-597 -932 60 -960 -984 697 -671 961
365 -849 522 988 957 -893 591 572
8
-993 339 -505 -918 935 -308 -971 574
-977 965 -736 281 -905 -889 743 -667
6
766 -43 -828 -789 201 -519
-870 -241 552 -599 -693 896
1
541
-42
5
-679 198 -922 639 -633
-983 -338 -946 980 -337
6
-964 -346 -692 -420 789 289
-662 -838 832 -607 -532 329
1
428
-668
2
240 630
156 888
8
-969 986 924 876 477 712 -549 104
-835 863 878 -666 416 968 578 -955
5
689 605 187 -641 -654
458 106 918 931 938
8
744 132 -535 755 -761 -827 -891 -820
603 949 639 846 965 -207 730 -403
8
904 -133 -334 675 -722 -91 67 959
-566 -828 -389 218 597 58 846 -495
5
960 841 -302 -876 -913
-578 590 -363 974 814
4
943 308 -812 -539
-293 300 -481 957
7
202 -524 637 596 616 474 288
278 -782 451 -837 109 -57 604
7
773 -144 8 716 -796 421 -502
903 899 116 763 -221 257 -446
5
-565 -966 482 -472 624
929 821 -740 840 723
7
302 -77 -160 -31 -468 253 -29
683 -274 69 58 -210 729 -170
1
630
-389
1
-170
-419
4
42 -844 -750 -59
-520 -628 -943 -487
6
-929 890 688 875 272 959
-920 870 -573 -764 600 -808
8
256 966 665 131 652 -921 -882 840
-927 586 697 804 818 498 -601 172
2
-706 -770
884 -843
6
-218 -841 295 42 977 -61
355 -478 -432 768 -184 271
6
782 758 -959 809 -716 647
664 706 949 -953 -957 -424
2
390 203
736 101
4
-34 396 -587 759
-104 166 -338 97
8
-570 27 -940 -722 -102 -82 282 650
-887 -183 254 124 -15 366 14 840
4
-678 -336 384 832
-949 -310 -230 -19
3
946 -919 -914
561 -804 956
5
84 442 -261 363 -649
-65 -525 -81 256 -725
2
825 -686
-128 -583
7
803 -575 779 328 240 -158 141
646 -865 785 -460 625 895 -226
8
-817 -574 -922 -56 962 88 -982 -386
766 853 -553 -70 -872 -998 -968 250
7
376 28 -411 203 -751 335 229
482 -79 852 651 948 332 -472
5
901 -667 -560 -649 590
-951 -942 -903 685 -880
7
-995 909 -725 631 876 -538 -874
-994 677 -760 683 -832 101 982
1
-994
985
6
435 118 232 450 7 640
-876 560 793 265 -70 -556
6
-597 -785 -672 -567 299 -447
-812 320 370 -852 -976 270
7
-987 899 -395 986 -266 -819 674
956 721 -710 665 602 -870 990
8
-881 874 908 -537 -824 -357 -435 -944
985 829 -477 879 -425 -964 -561 -770
8
375 -122 -912 -965 -127 -304 -91 -724
-643 849 -113 -697 38 -370 936 -244
6
-730 910 913 -543 688 793
578 786 -868 -888 140 -807
5
-514 -613 -903 434 96
894 997 752 311 632
8
703 744 -647 767 -944 -529 766 833
883 -618 14 947 -911 -668 -834 850
7
316 476 -295 -139 586 -640 -96
162 -32 319 122 -432 -144 129
7
-959 -266 -917 868 141 -847 -784
991 -328 840 -389 880 -744 -157
4
-195 -31 -395 -68
-265 -939 502 475
3
-200 -539 -960
-663 -357 -119
7
-272 -133 -696 -423 537 -565 -690
789 -108 -567 122 -181 -818 561
8
745 584 989 840 876 569 -933 570
269 -773 816 480 -916 596 -494 595
8
-830 650 -204 977 -81 -448 700 834
-702 -964 994 658 673 -539 905 -932
6
559 -440 -641 622 876 333
-111 483 186 109 228 728
7
-660 -867 794 -410 701 -679 -897
615 960 944 -833 999 948 918
1
-930
-951
7
-279 -507 469 -103 394 198 -338
-103 362 236 -224 -346 -713 905
6
797 -717 802 -264 734 -655
-338 724 -684 -994 -624 -458
6
-930 -749 -241 -967 -655 -434
906 833 -486 654 423 851
4
28 -407 -894 -721
924 -132 -280 835
8
370 920 -887 819 -250 316 -93 -539
841 -257 -592 22 -837 143 701 -892
8
-748 729 -888 -801 -321 -994 359 -277
73 -362 42 959 942 984 -474 -811
6
-218 295 605 201 647 214
-787 -899 -568 962 741 -949
5
-754 806 -447 -980 -506
694 -993 129 493 773
7
130 133 65 -422 845 28 -128
316 213 140 593 707 75 -997
7
-794 345 -131 17 805 114 -84
-312 -259 -811 -619 692 -730 406
8
99 139 957 -393 -427 933 -804 414
-988 971 -795 -628 886 34 432 460
7
88 41 136 418 -458 -409 -316
-755 -838 -257 365 354 -265 -81
8
-11 -100 739 883 25 361 83 194
265 538 -666 35 158 -365 596 -85
3
-256 792 -592
-743 414 -300
7
174 384 -201 -117 -362 -567 916
-241 -284 14 361 518 -347 786
6
947 -165 264 -698 562 470
871 -153 655 815 -933 -344
6
-615 462 -104 -855 -889 -938
516 -316 547 -872 -971 212
4
604 793 832 597
184 -484 -57 -697
2
224 396
41 -822
5
795 991 -752 -571 622
311 -950 -950 -412 1000
4
-735 -116 -915 336
879 786 -98 -76
5
983 622 -537 -415 65
-406 -869 -926 -458 -436
3
657 -899 775
-583 -827 677
5
876 -964 -205 -940 468
-549 818 140 -821 -780
6
-278 123 -525 -897 -386 -845
-143 63 -535 191 237 -475
8
754 -240 702 -942 -318 793 894 278
282 -916 711 317 358 -925 -405 944
8
130 237 145 76 -755 107 -808 231
-62 -246 498 -824 -438 948 -426 -192
8
-896 408 -529 266 -688 276 -928 556
-964 582 -929 893 962 956 315 932
3
-81 -616 -107
133 436 92
3
959 767 877
-993 -827 -820
4
-978 709 928 -806
-610 723 -858 -685
6
844 -687 -994 -746 357 571
-508 -991 359 -860 508 52
6
538 -607 -813 -526 752 677
913 -236 -720 -877 974 550
7
494 243 -25 197 219 -900 603
238 -804 -516 256 223 583 935
5
909 -343 745 700 -588
922 -889 569 396 993
7
-650 -741 581 -380 -674 -724 -428
-194 800 332 -949 -722 57 -596
5
-930 -499 1000 -378 825
994 384 832 771 -952
8
-327 -717 -601 -607 -76 142 48 -430
-15 -389 174 -930 815 404 404 110
3
-999 791 -6
-427 87 -180
1
208
-230
5
-27 966 173 238 -825
83 -265 519 766 155
4
546 -409 367 128
-711 -23 -437 553
7
223 -188 -174 -470 -878 -118 -286
-722 -455 524 -47 -387 -146 -266
8
986 903 694 569 448 105 901 898
-482 651 -955 612 989 921 873 -539
7
-815 -996 790 -479 832 198 872
542 -708 356 -936 160 -409 -768
8
-63 645 -293 655 978 900 -957 -228
-233 -519 653 -469 -492 -627 -583 -528
2
-279 -639
-574 -287
4
883 759 171 -590
-265 526 705 447
1
-527
139
5
-877 -395 -60 -455 -751
-708 -532 -948 836 -812
4
-342 788 -82 414
113 879 -564 -25
6
-942 -719 -768 -692 -748 622
959 729 742 -148 489 -955
6
44 -673 -970 -645 85 -979
-556 939 354 378 -988 195
8
-76 -211 -423 715 610 35 467 -199
107 597 70 96 93 773 -167 -369
7
-446 -720 162 483 -202 133 56
-108 -659 -243 -211 383 -755 -571
6
-378 -266 904 862 -387 892
332 -844 761 841 814 -900
8
-304 -468 -821 776 928 -453 -910 575
204 644 533 -510 786 -694 313 -986
8
747 538 999 -576 -821 -951 665 -558
118 -504 -688 858 888 882 704 -422
6
665 866 -373 136 -763 -659
272 243 474 43 -467 836
2
892 640
-813 -816
7
803 403 -498 -2 -938 377 -835
630 147 208 102 281 -578 -464
3
88 -641 -813
-628 225 -708
6
501 699 872 -278 623 -26
440 909 451 749 -951 -712
5
60 -190 -943 -305 -470
614 -990 -618 -479 493
1
685
-717
8
-984 -378 -918 981 -653 -939 -406 -415
-218 578 943 -335 613 -464 639 -777
2
519 915
-910 295
1
69
431
8
-802 925 933 -927 -947 568 -823 -782
980 -537 -767 -786 -968 -591 -996 941
6
-363 -940 -683 95 -45 -198
-966 -853 956 -871 -759 -762
8
-766 -913 -945 946 -618 924 -748 956
707 942 -271 -169 873 772 -39 -818
4
626 487 911 -988
-803 651 245 547
7
-966 -864 -986 80 -952 -498 -662
360 553 647 868 -414 -527 900
6
41 -400 -973 683 -607 -716
113 359 242 -293 -59 -350
5
-465 851 921 691 568
256 724 -440 -949 419
5
178 512 905 -741 559
932 669 -611 977 -530
8
-540 356 822 -811 999 122 -998 -875
-922 914 -565 -232 820 -921 -836 -808
7
733 331 -770 68 -869 462 665
-386 -819 -916 899 -560 -211 928
3
890 -463 -784
-729 381 -941
7
104 -329 188 913 274 523 846
785 -617 576 -196 654 113 -258
4
842 917 645 -884
947 703 -822 -260
4
-245 -219 -944 -660
-671 -793 718 -522
2
654 293
239 -227
6
306 -940 881 713 543 -544
716 -225 62 -209 -735 -481
7
-116 -248 -534 269 -779 -242 -215
559 -150 -25 -51 -169 -337 -94
7
919 942 -745 -924 917 137 840
871 465 584 -650 118 -840 -929
5
-81 166 -14 938 925
-583 -320 -383 173 -321
8
-540 -798 -963 -58 -691 -194 -944 -721
328 -823 -711 806 371 -892 699 830
2
-786 22
-403 -780
7
883 -713 -778 -806 -624 652 384
635 -977 801 -492 271 644 377
5
70 61 375 -484 -708
98 -6 57 76 -861
5
-622 160 210 743 -56
-777 446 287 -238 177
8
590 722 764 908 -986 -745 495 -797
-838 -765 -997 -248 -840 635 -644 516
1
675
-775
8
497 789 305 -841 862 -199 -929 427
-341 103 -768 -462 195 -205 949 906
6
-796 527 771 948 635 -977
-806 -934 -930 653 -875 285
2
-845 426
440 580
6
16 -607 824 979 -319 601
796 -894 -533 -310 430 30
8
-593 476 -439 255 112 698 -492 726
-70 24 50 981 380 889 490 -457
6
-701 400 743 -715 -612 949
-988 -448 -663 952 -310 -927
7
-47 92 584 282 373 -185 569
-346 -199 800 446 -170 18 -259
6
-788 -232 877 99 -325 -910
627 841 801 196 717 -753
5
-962 -393 843 -627 -928
-930 95 -818 -286 549
2
-734 997
-398 624
8
-634 695 -918 -999 -752 985 -743 -807
826 710 841 -750 937 107 -923 -444
8
647 -791 470 -984 -763 -519 -785 794
-26 -981 -111 -774 -436 982 904 -185
5
938 775 854 638 -550
685 83 -786 913 -671
5
240 -548 565 -626 385
-916 -868 688 10 859
3
-42 -172 -919
605 717 -974
7
152 725 -242 669 958 -980 -881
674 -978 681 269 190 -183 -578
5
-480 716 -204 -601 -311
366 -529 -220 -295 828
8
-773 618 232 807 -765 986 -842 426
986 657 738 851 -808 945 980 -882
8
618 694 405 -982 -930 993 620 -842
-455 -592 -465 834 987 691 918 -890
6
870 710 964 -883 556 940
966 -904 -837 807 -568 -229
2
-317 58
-85 -110
6
-115 -26 24 97 499 -382
-648 718 693 -50 -56 360
8
-986 -591 -747 152 62 408 558 -648
-113 -703 801 -396 633 513 -796 -65
8
423 712 182 58 -218 389 -566 58
539 130 -489 575 -823 -535 -67 -749
7
298 -157 238 819 499 317 933
59 652 48 675 -832 -123 147
2
71 880
938 90
5
855 -740 -798 -294 279
-959 -887 475 -872 -865
7
-746 -996 -390 -669 988 964 4
896 -918 831 998 -425 -364 -758
8
73 71 -425 -815 -557 130 -781 343
-552 694 -184 478 -561 -313 131 184
2
-109 339
-174 -637
4
559 -872 691 982
294 950 -694 -956
8
859 -104 -259 887 -628 939 771 -478
985 557 -782 944 938 -704 832 -574
5
-799 777 143 526 489
-481 381 285 -704 826
8
253 -11 681 -823 76 132 -237 -423
-883 537 679 -1 -825 145 279 -758
6
953 923 469 -982 109 15
627 882 996 92 -89 -903
4
504 -822 -90 913
973 -915 931 -896
6
624 -250 990 441 -920 -709
-657 529 -206 -459 -278 -246
3
-816 343 643
716 972 -660
3
-830 998 919
-999 -713 -592
7
302 535 657 432 900 -537 -986
-919 -892 934 -501 -966 -762 -102
8
984 846 -768 -649 -847 -949 275 205
972 691 -381 -646 -680 972 -213 -337
8
158 -885 23 52 -639 19 114 157
-109 741 -748 322 275 -28 372 -84
5
-354 -670 550 -291 114
-154 -348 -832 34 -137
4
577 370 808 -692
-288 585 -333 -208
5
-760 -730 -276 -616 -193
892 -436 -375 -956 513
6
140 -786 -657 -55 -59 -769
-218 64 565 -146 308 96
7
-970 634 514 955 750 800 -802
633 -908 -329 988 226 584 -702
7
-323 0 273 -557 -896 -973 404
220 135 -833 862 580 511 -280
4
758 -217 733 -928
731 -627 987 779
8
-715 -545 599 -875 -928 -739 999 -681
-966 701 -937 680 -824 950 810 -752
5
518 635 -726 -961 810
-851 -472 933 -510 -596
8
760 -925 62 465 873 586 784 899
-453 -166 -515 -526 -375 -509 146 604
8
-26 64 568 803 398 344 -623 594
-865 -143 -43 411 -605 353 155 434
7
-952 -105 291 -920 898 -427 -810
888 288 -283 -839 806 889 -58
5
451 -945 595 891 925
996 222 -846 947 -572
5
-513 -188 763 856 812
-778 949 682 610 677
6
-677 276 -81 -651 41 -834
-752 937 665 750 807 380
5
-675 484 388 505 -589
504 22 -560 -629 67
6
429 -10 972 -207 522 -268
-2 101 145 216 -23 653
7
-823 -352 -897 -773 -593 -661 576
870 -704 329 755 853 -791 -994
4
-317 -792 968 699
-830 -916 831 -639
7
381 -435 -980 -884 959 -945 -807
984 483 -676 -462 719 -614 748
1
-889
-899
7
217 -983 860 -504 782 -481 282
-738 -471 843 -750 823 365 -696
3
760 -569 -275
-194 415 -636
7
698 -585 888 517 786 -871 -934
80 860 -632 820 -911 -670 -526
7
616 -931 867 310 304 -718 660
951 952 -312 446 23 -399 74
3
881 -130 -361
55 549 854
3
-180 920 49
78 926 975
7
-294 -27 -176 -330 -69 -194 -493
5 -288 -81 -101 -164 782 221
7
448 -135 874 -871 -436 124 -288
703 -427 109 731 122 379 -727
7
882 -330 -654 402 -583 929 -822
-545 967 -959 915 -609 -909 -104
7
-507 362 196 -586 557 301 -530
993 110 -427 262 977 -901 -261
7
724 -934 -940 373 -329 76 -927
-742 -126 -634 468 -336 334 928
6
-328 -494 210 -48 -474 -311
433 559 -718 665 131 -667
3
-460 -990 566
585 -638 974
3
-809 -766 -455
960 -929 -914
7
264 560 389 325 254 -211 -390
-588 195 440 -93 -223 -9 391
4
-922 677 -740 -564
-952 794 334 -606
6
-948 -480 -856 -876 -413 -752
469 -295 749 -383 520 445
7
-744 733 982 960 -794 810 991
-937 -471 751 992 -948 -57 763
8
709 962 725 -715 712 200 781 370
964 -947 972 983 -958 -870 5 -581
4
212 633 167 -546
553 156 432 -700
3
742 66 -395
-771 -196 290
2
-150 -702
-435 109
7
903 442 761 440 -675 834 -727
-965 -305 -732 400 -680 662 298
7
731 -953 -946 817 -1 964 -258
-948 140 -613 526 804 -748 -139
6
836 181 728 971 -273 -122
512 -535 -532 479 -933 282
4
-923 414 398 -980
577 -318 284 -439
8
406 -492 -534 110 780 -681 -116 -725
769 340 -394 -769 733 391 11 -320
2
900 995
592 -534
4
-690 -107 -416 643
-340 -708 169 12
3
169 854 352
215 428 382
6
685 -43 814 850 -815 494
-602 -172 -400 -919 -740 -935
7
-718 908 -451 561 312 -38 -931
-268 631 729 -284 832 -39 -104
8
-266 151 -8 -255 -372 76 -10 30
518 -444 -94 -516 89 -128 -407 537
6
560 -966 972 683 -840 731
-543 -449 959 -767 794 292
4
184 890 -569 -923
-245 -608 -620 984
5
-923 811 -656 -877 -940
-538 906 118 192 -965
8
446 156 -2 776 -602 199 366 121
22 579 -809 610 -848 -63 -514 245
6
208 -159 -143 -646 449 -193
16 -561 953 740 -170 208
5
-412 -899 978 559 -289
507 450 -504 362 676
8
405 -418 617 -741 463 -892 954 -948
-439 -987 711 804 915 -932 -48 547
7
-692 -547 -789 -924 175 -750 -766
991 -571 605 441 584 -828 -904
7
-589 -760 -396 -698 -708 312 163
-626 630 508 999 880 13 710
6
50 351 -660 -863 807 176
-546 -514 447 655 874 38
8
750 274 67 488 303 -123 16 -320
108 19 -51 719 -35 -485 607 302
3
-524 -28 -525
643 524 983
7
-976 -291 237 1000 -436 -453 887
-872 857 -203 340 -928 -115 20
5
-891 682 344 703 335
-763 739 -570 967 -822
6
-771 -997 753 -860 -727 29
-584 -796 245 14 -77 -468
7
569 996 -747 -708 972 353 -438
-808 -764 519 -679 801 637 730
5
850 84 15 117 163
686 -835 815 87 103
8
-939 -581 -45 932 -584 600 -372 896
593 333 -221 445 272 -381 217 -16
4
-663 428 378 -169
119 -707 249 -210
7
425 805 12 -471 912 60 487
204 739 653 794 -550 -557 -530
7
191 -132 -825 -881 -958 592 -279
666 -278 -186 793 330 -134 -184
5
111 310 49 28 554
216 687 116 -271 -18
5
-783 542 -936 955 753
-874 789 343 953 -709
6
-45 -294 752 -139 131 231
-670 -905 326 358 206 -435
7
254 180 -161 -410 -892 262 731
-120 419 630 -301 -761 178 -681
7
-704 -682 889 -898 933 861 283
-526 -572 757 -919 2 916 -890
4
-761 -466 -843 846
964 963 973 -731
6
-755 -48 832 77 908 -798
-320 350 406 880 67 64
2
-862 -741
473 -892
7
-111 -785 -993 718 -760 -888 932
-574 -840 998 -234 -954 385 659
7
331 446 -917 -990 175 -632 -853
226 -992 641 -945 880 -991 586
8
-376 -388 511 -591 857 -351 627 250
-516 433 -670 649 858 992 -152 877
4
788 782 465 579
20 452 -847 -692
8
678 -718 -251 -206 -497 -210 -314 406
-760 -290 607 -328 369 831 -293 -467
7
573 444 819 856 893 -917 944
-968 -707 910 717 -916 636 -328
8
799 -288 -756 707 -354 -119 738 979
-978 -834 972 458 -600 -978 527 833
5
-35 651 -507 -167 -110
94 545 81 -235 342
8
-364 729 308 330 -265 -319 849 994
477 -886 755 -581 662 -748 -778 601
1
836
968
1
38
11
5
-861 825 -636 -766 -714
701 -587 853 -724 -43
8
-684 170 -21 881 -924 -599 -939 -397
957 -326 174 690 4 -953 -83 970
3
748 -970 910
911 398 585
8
-889 403 -434 123 386 -278 44 -53
635 88 241 907 -256 -145 312 -143
8
-933 915 -380 177 -985 247 -532 722
-964 -155 -494 -480 -66 945 -692 721
2
640 565
-981 -556
8
4 -142 226 273 -298 -40 141 317
-220 187 876 -785 0 37 72 -250
7
-57 167 42 -28 -302 273 243
31 61 75 251 -130 -472 259
8
111 -119 -606 -105 550 -805 -247 -889
923 -305 -58 83 908 522 -1000 -168
2
916 -204
-249 -208
8
315 -39 334 -116 -296 711 -121 -818
-87 -460 852 75 942 285 -50 -181
6
113 374 158 114 77 -110
-916 480 293 13 251 -316
4
210 -706 412 357
674 47 790 -149
6
-111 -79 -692 -490 13 -146
137 722 -41 -501 -460 213
7
-976 496 -302 -155 -71 -401 175
-67 221 400 -216 121 537 -338
4
-493 79 -607 288
-733 447 202 -699
8
-754 -473 -118 731 -979 498 -412 764
-581 -228 600 -446 -921 -681 -731 951
6
-571 -803 599 557 713 -632
-954 -782 623 -191 816 -783
7
923 312 -570 -441 947 719 485
142 250 -474 -401 736 697 948
6
-710 858 988 828 -886 471
-879 879 -718 -597 -932 472
4
362 210 -251 -290
350 -85 -204 -711
6
-84 -837 709 741 -612 922
946 303 -732 -805 -707 -828
8
544 -966 -996 -58 -934 425 984 -413
-220 574 849 -835 601 992 760 971
3
678 -720 -751
952 528 -988
4
-366 461 -194 674
347 980 -883 -911
2
739 -216
-889 856
3
692 179 -888
-982 901 -923
8
759 759 864 -558 -842 949 -686 -943
-198 -804 846 -642 -664 -228 1000 -68
4
490 -908 -894 -104
965 -676 938 -659
4
-440 -119 -866 875
533 956 -54 985
8
-578 175 928 -462 -970 -390 -813 -307
861 436 -842 143 672 963 -826 -807
8
-483 764 -473 -662 679 -906 -671 -452
853 561 -923 -994 -99 490 683 -528
4
-824 -695 767 721
845 463 -912 472
2
891 -612
956 -613
5
738 521 133 567 -324
201 -911 255 314 335
6
980 129 -863 -547 -671 -653
-986 -863 -992 590 -609 -263
6
-435 -752 806 -956 -702 919
802 621 -698 865 -854 799
5
-936 22 828 461 487
415 834 836 -869 441
8
542 -585 -307 836 -998 -991 -764 887
774 -198 900 905 644 -721 -915 372
8
279 164 145 149 -237 -1000 286 -928
883 -273 -690 448 369 139 -673 77
7
-924 -307 -341 -659 -316 -136 239
-635 -284 447 312 65 14 -407
3
550 459 226
-577 556 -769
6
-380 144 230 -333 -639 97
-329 105 140 20 212 -107
8
-665 244 -964 936 674 -910 901 -459
122 -942 -524 -770 937 -902 -883 248
8
-284 -561 -57 86 -752 851 -982 756
-120 -804 -851 -828 174 678 -775 -112
6
-118 33 -11 -36 -54 143
-354 701 15 618 -101 -424
7
858 -107 223 182 -158 72 -445
-537 -22 170 -55 -268 626 -44
6
-687 -482 -146 590 426 531
163 295 825 -910 -831 -623
2
-590 -645
-862 -713
4
274 473 -509 796
938 -846 -892 -930
4
510 0 110 251
336 -213 -470 43
2
-742 -955
910 439
8
-806 -770 -303 394 967 -580 -974 -387
-592 517 -282 -203 821 -633 -12 -815
5
-997 -786 218 -842 442
11 -130 205 -723 461
8
953 359 89 -176 -368 -174 500 -175
162 -787 -289 -63 -848 524 -351 34
2
-593 -717
-215 987
5
-840 342 774 -838 -844
-614 792 921 -97 945
6
710 452 -885 417 -668 -975
-28 -816 -987 687 -994 505
5
453 693 -539 819 -207
-303 967 -802 -804 805
7
679 532 771 -220 -801 -748 -965
-772 -391 -276 836 192 -767 886
7
-886 891 405 880 812 218 -929
-15 724 -571 38 57 623 72
8
992 996 996 991 996 999 999 999
999 998 1000 994 995 1000 991 995
7
945 -945 -858 923 -987 -788 -586
-718 653 -840 396 -262 -501 792
8
569 -848 -23 465 -776 -641 791 -215
-801 494 965 740 858 -806 342 745
7
585 221 -863 848 -193 941 -449
-262 -70 -41 76 844 -126 -283
6
224 549 7 921 155 -179
177 -333 -345 -529 63 54
3
-838 -115 158
522 -147 -527
7
-52 249 145 -903 -744 589 62
856 78 410 -636 -24 -643 -1000
7
-241 425 -437 -141 576 -473 -621
-769 257 -447 -357 -541 572 521
1
-961
-545
8
-262 168 532 53 39 529 -627 171
-517 7 485 -104 457 178 29 87
4
-727 340 -207 298
759 675 -864 979
7
481 -86 932 -965 -12 -494 439
-375 168 -593 52 -432 905 -473
6
-852 -613 677 -245 849 -510
-871 919 260 442 860 888
7
574 700 885 -978 311 -56 662
666 -212 -975 741 -829 -741 -457
5
-597 808 996 220 388
686 789 340 30 70
5
723 -602 -668 -428 781
7 849 -293 91 528
4
889 543 281 -246
-556 -98 -974 582
6
-960 800 -863 822 980 -730
474 -282 -970 -731 469 865
6
-838 316 757 436 -982 864
-345 -913 593 -425 707 -962
1
974
-32
4
699 347 -458 427
-940 -809 923 -377
8
-474 -183 837 68 156 -445 -532 -823
-187 -35 785 -743 -378 -823 -580 717
8
-462 290 -961 -616 245 453 -790 931
760 -387 -678 -438 -919 -786 794 -814
8
746 -811 -651 -979 683 -726 679 366
810 726 242 -804 -707 348 526 -622
3
-98 607 40
-83 289 539
8
679 -77 -973 672 -926 685 -408 -279
-497 -894 -192 859 977 494 554 780
2
382 -198
678 -75
8
279 506 -659 -897 966 951 440 -281
-219 907 929 -745 791 -950 896 218
8
-93 970 -933 -864 -206 907 -690 524
-858 -891 283 -886 -527 -218 -377 -958
7
-435 197 -212 692 -606 -543 -586
373 -107 816 823 -699 -929 -596
6
-834 -350 -408 382 -955 -530
-161 -809 -545 -188 -634 312
5
-180 571 -728 -713 -680
-284 -938 -22 559 866
8
266 730 423 -891 -342 299 -86 755
-961 720 -668 844 -763 930 870 571
6
820 -149 -980 385 -822 823
719 780 810 -491 677 836
7
-947 567 -765 668 -270 -859 405
-979 850 -747 -674 -450 234 988
6
-44 -566 -907 40 469 239
858 418 -423 -728 -100 -606
7
-153 471 134 556 -642 -342 114
459 -240 725 -300 -86 140 -443
1
662
624
4
917 -168 -900 772
761 376 793 -960
6
-492 415 -985 -744 217 864
-914 391 -650 875 837 996
6
161 576 -734 -491 930 883
-204 -761 993 542 -481 798
8
-444 -800 256 964 645 -935 421 911
-434 -180 922 720 -529 470 972 -33
5
279 -990 -295 954 -961
-779 -909 415 69 -887
6
-550 -821 -560 137 -189 767
-418 -624 36 -879 -730 -42
1
-641
-993
8
-885 962 -833 -684 -250 -476 -212 -413
789 -930 -938 -724 711 886 905 -375
7
-743 284 875 988 -701 862 -640
517 -936 -988 -815 933 -702 -936
7
-306 -863 -295 353 -881 -282 18
889 964 541 -578 -841 -878 -580
7
790 -987 764 -551 -64 -882 -414
-914 -344 -704 -88 -11 -817 883
8
680 883 917 -695 -871 825 249 -452
-942 -994 871 992 895 791 987 888
8
-301 149 125 298 368 -54 190 -194
160 508 117 302 424 412 -150 248
6
50 -268 -320 -734 899 -51
590 -424 859 650 -898 -296
5
511 -366 185 210 -525
-33 -172 -468 309 -346
6
954 960 -965 166 210 588
-843 -907 -502 314 -588 943
7
-38 -431 234 -661 -61 -499 952
609 -451 549 158 -215 -448 -259
6
-529 -893 -313 12 24 -694
390 574 624 -382 514 -21
6
14 23 -202 550 273 -823
-107 -150 365 -155 -66 46
5
757 -982 242 976 -617
952 987 -104 496 -851
7
-110 247 -505 -375 -247 18 156
-429 -587 145 85 258 -6 -235
8
-380 -610 933 -3 841 -74 821 607
18 -792 645 -889 -766 239 762 -973
7
-677 -785 349 911 478 965 891
973 -164 449 390 453 -858 901
8
823 -297 978 -278 -751 541 -888 705
916 -405 50 954 284 312 984 -964
7
-499 100 370 -669 583 -554 -448
191 403 57 -721 -15 -683 -67
7
-949 -364 -953 654 -42 715 968
684 638 -976 354 -887 -241 -730
8
-70 -40 210 -708 -557 625 -497 -58
22 -107 -234 209 218 -253 935 -234
6
-722 -107 505 823 165 661
915 -402 731 71 -217 -857
7
-813 -680 228 173 -339 401 -120
196 -201 157 918 -611 -678 166
3
594 -583 -926
-713 119 470
7
359 -782 -15 -239 -742 556 -395
411 628 263 -264 -198 44 -519
2
-707 -230
68 491
3
-905 221 698
-487 1000 -782
8
-546 -192 11 479 414 172 -330 -745
-851 628 -554 12 -762 391 -519 -290
1
586
609
5
524 726 -536 963 -793
729 -921 952 400 73
8
-947 -256 -648 -783 -471 -246 -514 -304
-687 -437 -251 409 -666 6 -858 -645
6
65 -341 853 -376 -336 766
-311 475 297 -673 15 -413
4
211 450 686 -16
850 -717 872 512
1
579
464
7
143 -797 693 -830 722 983 884
805 -882 648 -740 894 -854 -867
6
-162 378 -160 -412 134 -352
191 -418 80 170 -180 -223
5
277 141 -118 -234 320
117 165 -812 -238 -19
5
-467 951 560 -952 605
722 -991 819 992 207
6
398 182 -485 -526 -327 -519
925 -551 275 351 -429 -141
6
856 373 275 -927 164 3
-345 -319 -940 874 587 -590
4
-952 727 -168 -994
-522 -990 -782 -790
7
-267 51 -252 -42 -342 -178 -259
-650 -456 -700 174 -408 -783 372
3
-107 151 767
416 -986 -680
3
-563 538 747
742 949 274
7
445 -527 757 898 288 -979 290
329 305 -976 965 984 -990 575
8
427 -580 -119 -711 380 752 -140 554
-946 924 -439 -188 -491 799 -166 124
5
-573 776 -44 939 923
-396 -287 360 -269 -935
8
736 -436 -128 -745 990 937 807 994
-766 927 810 825 -865 -963 570 989
8
239 485 640 756 140 -51 186 272
767 525 476 -383 116 420 184 -204
8
-901 -854 923 -825 176 -524 -655 -717
876 52 630 925 988 1000 -799 -790
7
419 220 -831 588 -505 442 -159
535 -298 -645 -223 805 514 603
5
-720 -728 655 692 600
-280 419 856 -335 -647
5
-277 -77 563 29 138
804 136 -234 -497 373
6
582 892 -976 901 256 999
761 626 730 722 -578 848
6
-624 460 974 -971 122 -619
-851 140 428 400 64 -281
6
-256 -439 -306 14 143 -495
967 894 -424 724 -574 89
6
723 -986 917 -273 310 -90
253 612 138 -980 468 -566
8
993 -999 -992 996 998 -990 1000 -998
-999 995 -1000 -990 -992 992 990 -1000
8
466 820 705 -500 -825 947 -399 -737
371 797 -788 -651 571 880 -583 -657
8
112 -793 -966 -377 -545 -868 390 -403
803 -806 935 260 617 -125 -426 783
7
-399 -139 -917 -215 957 -170 -515
-871 -643 -59 -415 -220 -126 42
8
991 -727 -589 433 -383 -938 -808 545
708 947 -886 -700 -750 -598 968 -928
7
865 107 -699 -795 -891 841 -288
875 825 -83 -649 539 960 844
4
411 95 -107 -590
380 -798 -517 885
6
-242 976 -144 -943 565 743
405 410 -996 -361 601 -491
8
-504 793 923 -813 -674 885 -663 -760
779 907 938 -970 686 428 923 -507
3
-819 447 -747
-66 -926 -965
8
936 -55 -864 -982 -831 277 -709 -856
-548 -897 -525 -419 897 -142 852 -910
4
327 665 -585 807
586 -959 -759 620
5
-418 -102 -741 221 -416
-58 417 -718 84 -871
2
988 -825
707 740
8
892 -509 -862 -261 -465 459 -499 890
582 251 -952 412 909 -846 980 -827
4
-760 -874 495 494
500 751 -744 887
5
-880 -960 -377 620 784
762 -725 -142 -884 990
5
614 -950 969 518 913
-411 -995 844 296 -673
1
271
-368
6
-316 -332 -152 -544 367 919
-467 -4 89 -37 -637 -576
7
-812 414 775 -856 -956 534 -908
798 -834 886 933 555 -806 683
1
632
-456
3
-173 717 -457
-887 527 892
7
-87 671 -631 445 -154 911 258
-689 54 280 -146 40 -35 518
8
983 990 -620 556 745 833 -540 489
-982 910 -900 355 619 -989 975 695
4
138 149 561 -553
-882 -694 -520 717
6
168 72 69 276 324 -68
135 -781 -788 -204 356 809
5
-678 -493 -363 -236 -999
-973 454 366 61 993
6
-547 837 891 -799 -626 -43
-968 -933 -735 897 134 453
7
815 387 684 -781 817 -820 -896
-949 718 969 -741 -855 845 -352
3
318 -537 -898
778 656 670
2
-113 -619
356 -550
1
302
-602
4
-689 -20 495 912
-102 701 490 -689
5
739 962 867 -564 940
971 -723 -711 875 -993
8
-390 -939 89 -655 137 -393 -171 128
625 -190 760 208 532 583 131 -127
5
587 -799 -798 968 310
612 -873 -672 798 382
8
896 774 -779 -913 -989 -529 869 -992
-691 871 91 815 -765 -819 -491 -533
8
-784 -671 -677 654 909 -888 754 -825
374 369 587 492 403 783 667 -802
7
-373 -355 -776 735 150 899 -303
-551 -228 286 207 -228 -309 -934
8
1 1 -1 0 0 1 0 1
1 1 -1 -1 0 1 -1 -1
1
-610
459
3
-547 205 27
793 -902 876
7
-24 -406 695 906 710 873 -870
-736 -964 998 916 820 392 953
